# #zgrid dndz dndzG20.5
0.000000000000000000e+00 5.759839870281344002e-06 4.211595379903444401e-06
1.001669449081802991e-02 8.967222445059878756e-06 6.313788828125175518e-06
2.003338898163605983e-02 1.752458710594295691e-05 1.162470792883600269e-05
3.005008347245408801e-02 4.088489648896774070e-05 2.570557304012330982e-05
4.006677796327211966e-02 1.030491196708015298e-04 6.263707929792669484e-05
5.008347245409015130e-02 2.603370633685022023e-04 1.554123223830346646e-04
6.010016694490817601e-02 6.336283729827166646e-04 3.747899409997616110e-04
7.011686143572620766e-02 1.442922564819547598e-03 8.495190897416886582e-04
8.013355592654423931e-02 2.961815139663598415e-03 1.739830625481409874e-03
9.015025041736227096e-02 5.316304213166080268e-03 3.120071389034978580e-03
1.001669449081803026e-01 8.426904333204325928e-03 4.945062966723793099e-03
1.101836393989983343e-01 1.238541806626163207e-02 7.270306202765986978e-03
1.202003338898163520e-01 1.758283004292269733e-02 1.032690534627896464e-02
1.302170283806343976e-01 2.433384608606021723e-02 1.430259476072866763e-02
1.402337228714524153e-01 3.265960523724924236e-02 1.921510256919766943e-02
1.502504173622704609e-01 4.228913914234831706e-02 2.491322801770694956e-02
1.602671118530884786e-01 5.281259252310023522e-02 3.116660840616520406e-02
1.702838063439064964e-01 6.379049302572610547e-02 3.773008214737107180e-02
1.803005008347245419e-01 7.472043406206797800e-02 4.432527692852350487e-02
1.903171953255425597e-01 8.515070301755334192e-02 5.070864349961690803e-02
2.003338898163606052e-01 9.482248225853948109e-02 5.675684217940318854e-02
2.103505843071786230e-01 1.036469186540414089e-01 6.245624206765706954e-02
2.203672787979966685e-01 1.116961995651614553e-01 6.790079380795727149e-02
2.303839732888146863e-01 1.192119825016342005e-01 7.329949516645420382e-02
2.404006677796327041e-01 1.265363637953108300e-01 7.893672696879341921e-02
2.504173622704507496e-01 1.340233811262574459e-01 8.511792216194731531e-02
2.604340567612687951e-01 1.419627633307760373e-01 9.211906222738322492e-02
2.704507512520867851e-01 1.505516500249000078e-01 1.001574843877952314e-01
2.804674457429048307e-01 1.599271491010722523e-01 1.093751403269199590e-01
2.904841402337228762e-01 1.701876412820273188e-01 1.198049443774725914e-01
3.005008347245409217e-01 1.813391319534256030e-01 1.313617766129582531e-01
3.105175292153589117e-01 1.932009708363550959e-01 1.438425450015063389e-01
3.205342237061769572e-01 2.053720524174442175e-01 1.568664840192534049e-01
3.305509181969950028e-01 2.173116613690314891e-01 1.698766217456886551e-01
3.405676126878129928e-01 2.284785990888757445e-01 1.822662055309977880e-01
3.505843071786310383e-01 2.384436759540314588e-01 1.935184623628055378e-01
3.606010016694490838e-01 2.469524297007215652e-01 2.033023168043487094e-01
3.706176961602671294e-01 2.539333516538520574e-01 2.115072261297825662e-01
3.806343906510851194e-01 2.594567863309444333e-01 2.182142356445336551e-01
3.906510851419031649e-01 2.636881853052614466e-01 2.236436096237419124e-01
4.006677796327212104e-01 2.668773011920666516e-01 2.281194799810121743e-01
4.106844741235392005e-01 2.693741096283084890e-01 2.320491559994336539e-01
4.207011686143572460e-01 2.716176045647568094e-01 2.358778077248422922e-01
4.307178631051752915e-01 2.740575083300214598e-01 2.400010218114252414e-01
4.407345575959933370e-01 2.770411972025595415e-01 2.446754880429903301e-01
4.507512520868113270e-01 2.807399953290763972e-01 2.499812972590080562e-01
4.607679465776293726e-01 2.851455096147885726e-01 2.558432446882907829e-01
4.707846410684474181e-01 2.901039801807072105e-01 2.620760210957321368e-01
4.808013355592654081e-01 2.953495085237872186e-01 2.684219725578057547e-01
4.908180300500834536e-01 3.005350848842597844e-01 2.745806012057003254e-01
5.008347245409014992e-01 3.052812877198368136e-01 2.802432493567603156e-01
5.108514190317194892e-01 3.092471055175846639e-01 2.851377745705509503e-01
5.208681135225375902e-01 3.122037056287209067e-01 2.890776016514753910e-01
5.308848080133555802e-01 3.140774864089186380e-01 2.919973384662643001e-01
5.409015025041735703e-01 3.149420236796423023e-01 2.939563524993672461e-01
5.509181969949916713e-01 3.149841284066919322e-01 2.951260638378157553e-01
5.609348914858096613e-01 3.144824811988803925e-01 2.957910282509272348e-01
5.709515859766276513e-01 3.137864518816716464e-01 2.963464383011946146e-01
5.809682804674457524e-01 3.132615248752135817e-01 2.972461814938500146e-01
5.909849749582637424e-01 3.132205405857141356e-01 2.989046603107940459e-01
6.010016694490818434e-01 3.138887368179724136e-01 3.016055330758901643e-01
6.110183639398998334e-01 3.154154029617684540e-01 3.054576853512966927e-01
6.210350584307178234e-01 3.178879872208292268e-01 3.104013862101066556e-01
6.310517529215359245e-01 3.213093619684312396e-01 3.162568295410710939e-01
6.410684474123539145e-01 3.255894707136602340e-01 3.228098830521115015e-01
6.510851419031719045e-01 3.305810157672115501e-01 3.298828529117253661e-01
6.611018363939900055e-01 3.361268124174774385e-01 3.373470422468001217e-01
6.711185308848079956e-01 3.421117185296067009e-01 3.451102418014593276e-01
6.811352253756259856e-01 3.484930452877045282e-01 3.530999754788341494e-01
6.911519198664440866e-01 3.552611821225724054e-01 3.612267164795779362e-01
7.011686143572620766e-01 3.623502375279720744e-01 3.693502720289765784e-01
7.111853088480801777e-01 3.695994755601618165e-01 3.773056337945077665e-01
7.212020033388981677e-01 3.768230529665386186e-01 3.849805258721996637e-01
7.312186978297161577e-01 3.838898528171855173e-01 3.923462410832200820e-01
7.412353923205342587e-01 3.906934769138953323e-01 3.993884263243037136e-01
7.512520868113522488e-01 3.970855964766182855e-01 4.060347230014699216e-01
7.612687813021702388e-01 4.029016481381610948e-01 4.121805232269675212e-01
7.712854757929883398e-01 4.080244571003851517e-01 4.177580692787070116e-01
7.813021702838063298e-01 4.124089100486173498e-01 4.227673676300222616e-01
7.913188647746243198e-01 4.161002917703658932e-01 4.272786509451294013e-01
8.013355592654424209e-01 4.192447051758959597e-01 4.314223626198322448e-01
8.113522537562604109e-01 4.220613711001592327e-01 4.353608018742539110e-01
8.213689482470784009e-01 4.248061758576017755e-01 4.392512140580715485e-01
8.313856427378965019e-01 4.277118621273139354e-01 4.431862256452003268e-01
8.414023372287144920e-01 4.308861293475585996e-01 4.471249886380842531e-01
8.514190317195325930e-01 4.342722325656515614e-01 4.509048158779686566e-01
8.614357262103505830e-01 4.377142584317899043e-01 4.543357072245493011e-01
8.714524207011685730e-01 4.410304524716318064e-01 4.572707170136127153e-01
8.814691151919866741e-01 4.440726705670774432e-01 4.596273132520385940e-01
8.914858096828046641e-01 4.468592291219623536e-01 4.614479397416701989e-01
9.015025041736226541e-01 4.497311423157108745e-01 4.630133215533918101e-01
9.115191986644407551e-01 4.533281300907185396e-01 4.648517510254156493e-01
9.215358931552587451e-01 4.583033822710268490e-01 4.675338895561203523e-01
9.315525876460767352e-01 4.649115840682944145e-01 4.713675419250432652e-01
9.415692821368948362e-01 4.726757934162866270e-01 4.761599882200897027e-01
9.515859766277128262e-01 4.803882823486252396e-01 4.812043308108340800e-01
9.616026711185308162e-01 4.866046269125602897e-01 4.855806351598457304e-01
9.716193656093489173e-01 4.903210193163273778e-01 4.885794794029001409e-01
9.816360601001669073e-01 4.913834892972163693e-01 4.899792570924640933e-01
9.916527545909850083e-01 4.904793456270062357e-01 4.900905812871609868e-01
1.001669449081802998e+00 4.887704437110146904e-01 4.895742246667547093e-01
1.011686143572620988e+00 4.874167201398308391e-01 4.891453896263927015e-01
1.021702838063438978e+00 4.872488509924728373e-01 4.893484536957050102e-01
1.031719532554257190e+00 4.886479045625418682e-01 4.904789247826675802e-01
1.041736227045075180e+00 4.915613593339588916e-01 4.925860425094519268e-01
1.051752921535893170e+00 4.956072346463076261e-01 4.955034751881382538e-01
1.061769616026711160e+00 5.002385437998786433e-01 4.989215721950455706e-01
1.071786310517529150e+00 5.049108594577425002e-01 5.024911269840846018e-01
1.081803005008347141e+00 5.091914178085512610e-01 5.059082111007223714e-01
1.091819699499165353e+00 5.127999657556221447e-01 5.089552619681494416e-01
1.101836393989983343e+00 5.156013292687777749e-01 5.115056142194557287e-01
1.111853088480801333e+00 5.175502225389551070e-01 5.134941892744224745e-01
1.121869782971619323e+00 5.185960096620367832e-01 5.148608801343508290e-01
1.131886477462437313e+00 5.185990908466714400e-01 5.154991790966804155e-01
1.141903171953255303e+00 5.173538130828571058e-01 5.152695770199579028e-01
1.151919866444073515e+00 5.147371331903309866e-01 5.140912215847175393e-01
1.161936560934891505e+00 5.108468270557213753e-01 5.120284332042944753e-01
1.171953255425709495e+00 5.060571411480250248e-01 5.093229469094771034e-01
1.181969949916527485e+00 5.009601134230010633e-01 5.063516225930422276e-01
1.191986644407345475e+00 4.960498145529924074e-01 5.034333382386249056e-01
1.202003338898163687e+00 4.915657191411583193e-01 5.007366380699385111e-01
1.212020033388981677e+00 4.876469831106217123e-01 4.983760988388928337e-01
1.222036727879799667e+00 4.844072189603153555e-01 4.964602004583092421e-01
1.232053422370617657e+00 4.819870139110780105e-01 4.951185890131304945e-01
1.242070116861435647e+00 4.805718105006128726e-01 4.945045441675005593e-01
1.252086811352253637e+00 4.803158028853222183e-01 4.947427220458122665e-01
1.262103505843071849e+00 4.812895703103010625e-01 4.958933443754133807e-01
1.272120200333889839e+00 4.834740647605763053e-01 4.979468773100906298e-01
1.282136894824707829e+00 4.867508477872046768e-01 5.008209321095508093e-01
1.292153589315525819e+00 4.909536548246539178e-01 5.043994373834884692e-01
1.302170283806343809e+00 4.960057545659767864e-01 5.086233365576773302e-01
1.312186978297162021e+00 5.019876346818633595e-01 5.135310519462671364e-01
1.322203672787980011e+00 5.090164015944242948e-01 5.191825642456849854e-01
1.332220367278798001e+00 5.170456532276226369e-01 5.255417613397168619e-01
1.342237061769615991e+00 5.257961832994636486e-01 5.324370431806776383e-01
1.352253756260433981e+00 5.348272236273785563e-01 5.395991091472571721e-01
1.362270450751251971e+00 5.436152423206898066e-01 5.467040386025890930e-01
1.372287145242070183e+00 5.516350441812619687e-01 5.534235987652800226e-01
1.382303839732888173e+00 5.584665756595004193e-01 5.594843975743017950e-01
1.392320534223706163e+00 5.638970558995274329e-01 5.647131307924573296e-01
1.402337228714524153e+00 5.679512624546149135e-01 5.690466868496424357e-01
1.412353923205342143e+00 5.707763610364521289e-01 5.724740604669154020e-01
1.422370617696160355e+00 5.724577211408676813e-01 5.749479582129466415e-01
1.432387312186978345e+00 5.729330619976431560e-01 5.763548101039602800e-01
1.442404006677796335e+00 5.720410880102049234e-01 5.765518476448153740e-01
1.452420701168614325e+00 5.696530651959395009e-01 5.754497106834596254e-01
1.462437395659432315e+00 5.658103981773904279e-01 5.731153596840953268e-01
1.472454090150250305e+00 5.607895433199269197e-01 5.698045144644506843e-01
1.482470784641068517e+00 5.550583706078705548e-01 5.658851156780060343e-01
1.492487479131886507e+00 5.491574902221427745e-01 5.617415503160968493e-01
1.502504173622704498e+00 5.435780006401885744e-01 5.577198954595337099e-01
1.512520868113522488e+00 5.386692615076250634e-01 5.540925737571354981e-01
1.522537562604340478e+00 5.345683569003943925e-01 5.510082939309941530e-01
1.532554257095158468e+00 5.311934757627033710e-01 5.484602268348640619e-01
1.542570951585976680e+00 5.283530711655471945e-01 5.463363868347812513e-01
1.552587646076794670e+00 5.258911757338472492e-01 5.445165296958875967e-01
1.562604340567612660e+00 5.237353805515967409e-01 5.429143155984396119e-01
1.572621035058430650e+00 5.218397249805567517e-01 5.414418551865232132e-01
1.582637729549248640e+00 5.201412803406280094e-01 5.399769648832006830e-01
1.592654424040066852e+00 5.185683715703374164e-01 5.383844624193263595e-01
1.602671118530884842e+00 5.170276328594899384e-01 5.365502977027274412e-01
1.612687813021702832e+00 5.153909017240930757e-01 5.343900165568521432e-01
1.622704507512520822e+00 5.135252489149624289e-01 5.318327842879112533e-01
1.632721202003338812e+00 5.113160354817346542e-01 5.288022607057309976e-01
1.642737896494156802e+00 5.086679814964443214e-01 5.252263999081756563e-01
1.652754590984975014e+00 5.055098351514505373e-01 5.210694969174541891e-01
1.662771285475793004e+00 5.017964983159617365e-01 5.163469647877769741e-01
1.672787979966610994e+00 4.975389800661485507e-01 5.111336215458279764e-01
1.682804674457428984e+00 4.928549035345740070e-01 5.055751082974800914e-01
1.692821368948246974e+00 4.879496390546755324e-01 4.998631037995055482e-01
1.702838063439065186e+00 4.830351012488061646e-01 4.941803708080288460e-01
1.712854757929883176e+00 4.782542060659215610e-01 4.886512514222706161e-01
1.722871452420701166e+00 4.736750791352511980e-01 4.833364500013706544e-01
1.732888146911519156e+00 4.693242273749355098e-01 4.782577147521870353e-01
1.742904841402337146e+00 4.651676766519392547e-01 4.733944252297763722e-01
1.752921535893155136e+00 4.611022593902435740e-01 4.686782086164692496e-01
1.762938230383973348e+00 4.570038458506814338e-01 4.640120519817250155e-01
1.772954924874791338e+00 4.527638864100612670e-01 4.592899340866266056e-01
1.782971619365609328e+00 4.482952554068057593e-01 4.544183089625121186e-01
1.792988313856427318e+00 4.435353264073625401e-01 4.493365955715130644e-01
1.803005008347245308e+00 4.384709547791525996e-01 4.440302631858542015e-01
1.813021702838063520e+00 4.331494035935702369e-01 4.385301420762995339e-01
1.823038397328881510e+00 4.276231912573749683e-01 4.328809069758773331e-01
1.833055091819699500e+00 4.219090006704734330e-01 4.271161365316921144e-01
1.843071786310517490e+00 4.160546376573234784e-01 4.212910764751767179e-01
1.853088480801335480e+00 4.101947238595412548e-01 4.155099541714789013e-01
1.863105175292153470e+00 4.044709575895606979e-01 4.098776968610624571e-01
1.873121869782971682e+00 3.989562663668098641e-01 4.044560461087545744e-01
1.883138564273789672e+00 3.937058009952189019e-01 3.992949397458076533e-01
1.893155258764607662e+00 3.888131046778674493e-01 3.944656454774366772e-01
1.903171953255425652e+00 3.843670099421045983e-01 3.900320795332600787e-01
1.913188647746243642e+00 3.803906350166096906e-01 3.860091688884422223e-01
1.923205342237061632e+00 3.768290966620136406e-01 3.823517563301786493e-01
1.933222036727879845e+00 3.735500215239936361e-01 3.789567768174204598e-01
1.943238731218697835e+00 3.703450184393203837e-01 3.756713272705827777e-01
1.953255425709515825e+00 3.669683122798403918e-01 3.723233081119695642e-01
1.963272120200333815e+00 3.632211244620784374e-01 3.687747922319258298e-01
1.973288814691151805e+00 3.590252553353619480e-01 3.649640421025195369e-01
1.983305509181970017e+00 3.544255131986914775e-01 3.609043446706058367e-01
1.993322203672788007e+00 3.495432445960925949e-01 3.566564297676145801e-01
2.003338898163605997e+00 3.445331729642059915e-01 3.523052757203202212e-01
2.013355592654423987e+00 3.395476831412974628e-01 3.479420234635568487e-01
2.023372287145241977e+00 3.347100745030450741e-01 3.436510672673288025e-01
2.033388981636059967e+00 3.301173530019965163e-01 3.395134470297925811e-01
2.043405676126877957e+00 3.258677499664437982e-01 3.356213172777998688e-01
2.053422370617695947e+00 3.220779845416257281e-01 3.320816861962263000e-01
2.063439065108514381e+00 3.188619422448677465e-01 3.289954186455193996e-01
2.073455759599332371e+00 3.162855730293912537e-01 3.264245974459235589e-01
2.083472454090150361e+00 3.143505319625276573e-01 3.243810526141198691e-01
2.093489148580968351e+00 3.130143081296963281e-01 3.228395066757189236e-01
2.103505843071786341e+00 3.121983857983499644e-01 3.217449252344219968e-01
2.113522537562604331e+00 3.117905803968811229e-01 3.210164094457951256e-01
2.123539232053422321e+00 3.116737283211256093e-01 3.205670694699333523e-01
2.133555926544240311e+00 3.117624645777894443e-01 3.203307598755603669e-01
2.143572621035058301e+00 3.120222953484040884e-01 3.202781950917474307e-01
2.153589315525876291e+00 3.124538936870472350e-01 3.204046705974548104e-01
2.163606010016694281e+00 3.130453535915113661e-01 3.206887717917267233e-01
2.173622704507512271e+00 3.137334601280546975e-01 3.210597512088187999e-01
2.183639398998330705e+00 3.143670748520749902e-01 3.213849809172601990e-01
2.193656093489148695e+00 3.146930105318967441e-01 3.214810549594010469e-01
2.203672787979966685e+00 3.144263948623933214e-01 3.211594120866470559e-01
2.213689482470784675e+00 3.133530051364794011e-01 3.202725748211720513e-01
2.223706176961602665e+00 3.114080118782664441e-01 3.187556007766894628e-01
2.233722871452420655e+00 3.087022138228768253e-01 3.166585491235381911e-01
2.243739565943238645e+00 3.054713720045088010e-01 3.141344726225674400e-01
2.253756260434056635e+00 3.019939882476858073e-01 3.113874033090256455e-01
2.263772954924874625e+00 2.985197429357736576e-01 3.086073414727462660e-01
2.273789649415692615e+00 2.951983931337969214e-01 3.059036101709207700e-01
2.283806343906510605e+00 2.920807167861467768e-01 3.032952568943394489e-01
2.293823038397329039e+00 2.892095731584065632e-01 3.007755966058113795e-01
2.303839732888147029e+00 2.866567597306475812e-01 2.983545332350647228e-01
2.313856427378965019e+00 2.844591583712157701e-01 2.960370533181739816e-01
2.323873121869783009e+00 2.825648198056504024e-01 2.937986678651382522e-01
2.333889816360600999e+00 2.808481474428565772e-01 2.915864010978313492e-01
2.343906510851418989e+00 2.791550026978861787e-01 2.893245425628749867e-01
2.353923205342236979e+00 2.773514774117841752e-01 2.869303703590241339e-01
2.363939899833054969e+00 2.753599104856249702e-01 2.843394299781711321e-01
2.373956594323872960e+00 2.731477706816742290e-01 2.815091589764877611e-01
2.383973288814690950e+00 2.706905891315319890e-01 2.784093877267886374e-01
2.393989983305508940e+00 2.679549846309991490e-01 2.750238731037624729e-01
2.404006677796327374e+00 2.648944972724272540e-01 2.713438657537254883e-01
2.414023372287145364e+00 2.614523426149005791e-01 2.673514063312243949e-01
2.424040066777963354e+00 2.576028877994267496e-01 2.630335566856983331e-01
2.434056761268781344e+00 2.534097495242922382e-01 2.584237065310848735e-01
2.444073455759599334e+00 2.490199237466540760e-01 2.536111122941384632e-01
2.454090150250417324e+00 2.445964324735301065e-01 2.487122969248467541e-01
2.464106844741235314e+00 2.402556952357164932e-01 2.438406178239512223e-01
2.474123539232053304e+00 2.360415272642499007e-01 2.390845482438173908e-01
2.484140233722871294e+00 2.319341354262462462e-01 2.344940349744555064e-01
2.494156928213689284e+00 2.278750806680938101e-01 2.300787524675277640e-01
2.504173622704507274e+00 2.238006241454040257e-01 2.258230622196852611e-01
2.514190317195325708e+00 2.196617658693248709e-01 2.217009079809553751e-01
2.524207011686143698e+00 2.154454348134850206e-01 2.176921072479876540e-01
2.534223706176961688e+00 2.112116249783227429e-01 2.138063507270508978e-01
2.544240400667779678e+00 2.070556366958007932e-01 2.100647859921802307e-01
2.554257095158597668e+00 2.030460219939076993e-01 2.064713381809109016e-01
2.564273789649415658e+00 1.992078867101760575e-01 2.030104816702081039e-01
2.574290484140233648e+00 1.955246967282608106e-01 1.996487229849921996e-01
2.584307178631051638e+00 1.919437550286987038e-01 1.963309825405886166e-01
2.594323873121869628e+00 1.883920254692787732e-01 1.929845184643260436e-01
2.604340567612687618e+00 1.848291436736507753e-01 1.895539403129334333e-01
2.614357262103505608e+00 1.812793047457985640e-01 1.860316371571511529e-01
2.624373956594324042e+00 1.777787434260760524e-01 1.824386882752722094e-01
2.634390651085142032e+00 1.743321252794419185e-01 1.788015902945203628e-01
2.644407345575960022e+00 1.709242069633717109e-01 1.751459978768643844e-01
2.654424040066778012e+00 1.675448404905706679e-01 1.714927120655455328e-01
2.664440734557596002e+00 1.641996573445614616e-01 1.678578326422998368e-01
2.674457429048413992e+00 1.608988624641588261e-01 1.642531872639962365e-01
2.684474123539231982e+00 1.576420978534752160e-01 1.606841468621806046e-01
2.694490818030049972e+00 1.544181626362267357e-01 1.571493689100214586e-01
2.704507512520867962e+00 1.512180212429169723e-01 1.536449491085256913e-01
2.714524207011685952e+00 1.480461453861932897e-01 1.501698321033262673e-01
2.724540901502503942e+00 1.449189667317098695e-01 1.467280940163615266e-01
2.734557595993322376e+00 1.418573920998251747e-01 1.433295316820997478e-01
2.744574290484140366e+00 1.388843817542011749e-01 1.399909950718945528e-01
2.754590984974958356e+00 1.360250762061482876e-01 1.367358291675609960e-01
2.764607679465776346e+00 1.333034196055361276e-01 1.335896152397598458e-01
2.774624373956594336e+00 1.307367883390820884e-01 1.305748565194243815e-01
2.784641068447412326e+00 1.283327553390373743e-01 1.277073051106159540e-01
2.794657762938230317e+00 1.260887593837990150e-01 1.249941103997867647e-01
2.804674457429048307e+00 1.239929045159862825e-01 1.224331119643996962e-01
2.814691151919866297e+00 1.220246549121582758e-01 1.200132775727798390e-01
2.824707846410684287e+00 1.201560993054573562e-01 1.177166990323940260e-01
2.834724540901502277e+00 1.183553232354402490e-01 1.155220857813230723e-01
2.844741235392320711e+00 1.165920839260103231e-01 1.134088686686320485e-01
2.854757929883138701e+00 1.148436067414858042e-01 1.113606070295219824e-01
2.864774624373956691e+00 1.130974992777836058e-01 1.093667322867599156e-01
2.874791318864774681e+00 1.113506220192356649e-01 1.074224456070384665e-01
2.884808013355592671e+00 1.096053998278268965e-01 1.055271719764512700e-01
2.894824707846410661e+00 1.078657855731332826e-01 1.036820609349850680e-01
2.904841402337228651e+00 1.061335798628060961e-01 1.018868849938441012e-01
2.914858096828046641e+00 1.044045536970238941e-01 1.001368045040125637e-01
2.924874791318864631e+00 1.026649896962725794e-01 9.842005295904625306e-02
2.934891485809682621e+00 1.008915105595043632e-01 9.671811459895289509e-02
2.944908180300500611e+00 9.905650328269272054e-02 9.500924207487186635e-02
2.954924874791319045e+00 9.713682776023195575e-02 9.327385575459971878e-02
2.964941569282137035e+00 9.511962616800072323e-02 9.149854147077232658e-02
2.974958263772955025e+00 9.300232196671233409e-02 8.967705625770315547e-02
2.984974958263773015e+00 9.079203668101043512e-02 8.781092978793247905e-02
2.994991652754591005e+00 8.850996534587844689e-02 8.591226959796188778e-02
3.005008347245408995e+00 8.619512761517451882e-02 8.400532232312232783e-02
3.015025041736226985e+00 8.389744755814965149e-02 8.212128359795697885e-02
3.025041736227044975e+00 8.166217567405224809e-02 8.028811079605679968e-02
3.035058430717862965e+00 7.951736245925851432e-02 7.852267698584436406e-02
3.045075125208680955e+00 7.747098976050328933e-02 7.682940827230311243e-02
3.055091819699498945e+00 7.551645850518250158e-02 7.520452935032963249e-02
3.065108514190316935e+00 7.364244610428334614e-02 7.364290936783696173e-02
3.075125208681135369e+00 7.184194368503202255e-02 7.214348707819383255e-02
3.085141903171953359e+00 7.011559712588523452e-02 7.070985742270786967e-02
3.095158597662771349e+00 6.846852657051859248e-02 6.934596650140423257e-02
3.105175292153589339e+00 6.690422593097662685e-02 6.805028417952425912e-02
3.115191986644407329e+00 6.542002951893720331e-02 6.681248417229708469e-02
3.125208681135225319e+00 6.400660409465826206e-02 6.561491681272932364e-02
3.135225375626043309e+00 6.265115656470018890e-02 6.443832663855408871e-02
3.145242070116861299e+00 6.134200334970245361e-02 6.326853346601421513e-02
3.155258764607679289e+00 6.007175047335907431e-02 6.210006200762199779e-02
3.165275459098497279e+00 5.883715047819249033e-02 6.093480752800293360e-02
3.175292153589315269e+00 5.763506087464171507e-02 5.977694956791203273e-02
3.185308848080133703e+00 5.645668710136363816e-02 5.862739548964454595e-02
3.195325542570951693e+00 5.528525391906590619e-02 5.748122906668223786e-02
3.205342237061769683e+00 5.410037934399150594e-02 5.632933424833665853e-02
3.215358931552587674e+00 5.288568845956032050e-02 5.516193471377755370e-02
3.225375626043405664e+00 5.163325064785511537e-02 5.397119699551251176e-02
3.235392320534223654e+00 5.034331415549779531e-02 5.275278597745562681e-02
3.245409015025041644e+00 4.902289616402868977e-02 5.150765464693719820e-02
3.255425709515859634e+00 4.768552289320726612e-02 5.024344393333173009e-02
3.265442404006677624e+00 4.635033125165394230e-02 4.897335944629509913e-02
3.275459098497495614e+00 4.503776879539390238e-02 4.771182400487649494e-02
3.285475792988313604e+00 4.376242853811774386e-02 4.646890076401644087e-02
3.295492487479132038e+00 4.252790418265722794e-02 4.524699633518918657e-02
3.305509181969950028e+00 4.132820681057074869e-02 4.404207349173781122e-02
3.315525876460768018e+00 4.015376501997022091e-02 4.284781608071104586e-02
3.325542570951586008e+00 3.899550310017813742e-02 4.165880822360665953e-02
3.335559265442403998e+00 3.784437367005948072e-02 4.047078752894769232e-02
3.345575959933221988e+00 3.668961439924362661e-02 3.927940516721999814e-02
3.355592654424039978e+00 3.551964271562878250e-02 3.807999858825104195e-02
3.365609348914857968e+00 3.432631268894771603e-02 3.686957771380044990e-02
3.375626043405675958e+00 3.310880546326765150e-02 3.564918610089959361e-02
3.385642737896493948e+00 3.187255386224393389e-02 3.442348219521072783e-02
3.395659432387311938e+00 3.062520791495940489e-02 3.319815344455519235e-02
3.405676126878130372e+00 2.937574522295306051e-02 3.197882284172958584e-02
3.415692821368948362e+00 2.813662714110491680e-02 3.077202274269547413e-02
3.425709515859766352e+00 2.692366898983122522e-02 2.958557578651333300e-02
3.435726210350584342e+00 2.575246804678698459e-02 2.842750890238082695e-02
3.445742904841402332e+00 2.463514446979583883e-02 2.730506189088546462e-02
3.455759599332220322e+00 2.357957815972032065e-02 2.622457259079640293e-02
3.465776293823038312e+00 2.258992733195357150e-02 2.519148266649626558e-02
3.475792988313856302e+00 2.166700371203919562e-02 2.420990530267482302e-02
3.485809682804674292e+00 2.080850781729936747e-02 2.328207006526165912e-02
3.495826377295492282e+00 2.000958976877844145e-02 2.240809798513501011e-02
3.505843071786310272e+00 1.926382115864814712e-02 2.158620262841381282e-02
3.515859766277128706e+00 1.856431916479802519e-02 2.081316405470882286e-02
3.525876460767946696e+00 1.790462461040462014e-02 2.008484758633654124e-02
3.535893155258764686e+00 1.727905042110874229e-02 1.939658218384552810e-02
3.545909849749582676e+00 1.668263158586821490e-02 1.874339494440636564e-02
3.555926544240400666e+00 1.611113502270332398e-02 1.812027967952993535e-02
3.565943238731218656e+00 1.556138735096625550e-02 1.752264858964298552e-02
3.575959933222036646e+00 1.503166277639169518e-02 1.694689994513499595e-02
3.585976627712854636e+00 1.452167126181179088e-02 1.639084220797184729e-02
3.595993322203672626e+00 1.403201026440143578e-02 1.585369654982864487e-02
3.606010016694490616e+00 1.356338452911307925e-02 1.533558298772810281e-02
3.616026711185308606e+00 1.311599836342351028e-02 1.483669563487387960e-02
3.626043405676127040e+00 1.268926301005419283e-02 1.435657359571208824e-02
3.636060100166945031e+00 1.228168244233853422e-02 1.389378972794109296e-02
3.646076794657763021e+00 1.189077073298253420e-02 1.344608737613659823e-02
3.656093489148581011e+00 1.151304727967667266e-02 1.301075501127874415e-02
3.666110183639399001e+00 1.114426885514665372e-02 1.258499034982329609e-02
3.676126878130216991e+00 1.077997655283966655e-02 1.216613506948872533e-02
3.686143572621034981e+00 1.041632083569852228e-02 1.175185676341242678e-02
3.696160267111852971e+00 1.005105723723084821e-02 1.134045692004338746e-02
3.706176961602670961e+00 9.684399616780147574e-03 1.093131554151137962e-02
3.716193656093488951e+00 9.319116747925551905e-03 1.052514175960877867e-02
3.726210350584306941e+00 8.959416098003120804e-03 1.012364566967386900e-02
3.736227045075125375e+00 8.609046026372559057e-03 9.728723112310849741e-03
3.746243739565943365e+00 8.269860423250900011e-03 9.341770724557501779e-03
3.756260434056761355e+00 7.941804537809054459e-03 8.963660352882867055e-03
3.766277128547579345e+00 7.624099762329185521e-03 8.595269314447099435e-03
3.776293823038397335e+00 7.316527491501015855e-03 8.237978124275154371e-03
3.786310517529215325e+00 7.019851588314631949e-03 7.893638699331694680e-03
3.796327212020033315e+00 6.735234035734934642e-03 7.563991660077789246e-03
3.806343906510851305e+00 6.463254475778419141e-03 7.249941029426957596e-03
3.816360601001669295e+00 6.203349397130127757e-03 6.951189924437019101e-03
3.826377295492487285e+00 5.954063627173951552e-03 6.666462084486094938e-03
3.836393989983305275e+00 5.713825160402569332e-03 6.394107467934334946e-03
3.846410684474123265e+00 5.481609020270884064e-03 6.132672716963534151e-03
3.856427378964941699e+00 5.257104333552364839e-03 5.881163730119787561e-03
3.866444073455759689e+00 5.040493410607242708e-03 5.639032136913108006e-03
3.876460767946577679e+00 4.832187391641434501e-03 5.406077058372133967e-03
3.886477462437395669e+00 4.632721456323433268e-03 5.182389311463249208e-03
3.896494156928213659e+00 4.442738496727173178e-03 4.968313780716924512e-03
3.906510851419031649e+00 4.262853821339726741e-03 4.764324795284944139e-03
3.916527545909849639e+00 4.093306303846382631e-03 4.570769255659211383e-03
3.926544240400667629e+00 3.933568480253320752e-03 4.387583636707152734e-03
3.936560934891485619e+00 3.782243641430821455e-03 4.214181320294990186e-03
3.946577629382303609e+00 3.637422070120642763e-03 4.049617325182685613e-03
3.956594323873121599e+00 3.497319503321313049e-03 3.892933514053568272e-03
3.966611018363940033e+00 3.360810184827990252e-03 3.743460210968909112e-03
3.976627712854758023e+00 3.227572396442251589e-03 3.600905372472658350e-03
3.986644407345576013e+00 3.097850955410779653e-03 3.465225342730219368e-03
3.996661101836394003e+00 2.972055702762891639e-03 3.336397553041872341e-03
4.006677796327211993e+00 2.850435786857535413e-03 3.214234090445014600e-03
4.016694490818029983e+00 2.732952089737654671e-03 3.098313760469048519e-03
4.026711185308847973e+00 2.619334707178721904e-03 2.988033180932382973e-03
4.036727879799665963e+00 2.509237254444491184e-03 2.882727388857321202e-03
4.046744574290483953e+00 2.402394394555294223e-03 2.781796732771937754e-03
4.056761268781301943e+00 2.298722747493981648e-03 2.684790198557245131e-03
4.066777963272119933e+00 2.198344883611138331e-03 2.591422755202488562e-03
4.076794657762937923e+00 2.101544567910616432e-03 2.501533665273986736e-03
4.086811352253755913e+00 2.008677160942452453e-03 2.415012811234218491e-03
4.096828046744573903e+00 1.920065630640401541e-03 2.331725869295480421e-03
4.106844741235391893e+00 1.835911855293192790e-03 2.251458765241470469e-03
4.116861435726209884e+00 1.756244954473522041e-03 2.173888170338596649e-03
4.126878130217028762e+00 1.680914736203409365e-03 2.098578552989176834e-03
4.136894824707846752e+00 1.609623224562502838e-03 2.025008276815617753e-03
4.146911519198664742e+00 1.541976198401116740e-03 1.952628214436528519e-03
4.156928213689482732e+00 1.477533897389920678e-03 1.880947668630357462e-03
4.166944908180300722e+00 1.415846252150858471e-03 1.809626453648716625e-03
4.176961602671118712e+00 1.356469976742170121e-03 1.738541493766087610e-03
4.186978297161936702e+00 1.298976682117297839e-03 1.667802528350434063e-03
4.196994991652754692e+00 1.242966611196257096e-03 1.597713130257875621e-03
4.207011686143572682e+00 1.188098282076559655e-03 1.528696519660415788e-03
4.217028380634390672e+00 1.134132076695278536e-03 1.461215771861569101e-03
4.227045075125208662e+00 1.080972476419359615e-03 1.395710761359466451e-03
4.237061769616026652e+00 1.028687632395657893e-03 1.332557915031213399e-03
4.247078464106844642e+00 9.774910285560379965e-04 1.272046283008757689e-03
4.257095158597662632e+00 9.276857485791624490e-04 1.214361501926365444e-03
4.267111853088480622e+00 8.795887554147116278e-04 1.159575368683402313e-03
4.277128547579298612e+00 8.334612103580512580e-04 1.107645187166159508e-03
4.287145242070116602e+00 7.894667894842612296e-04 1.058427865493072849e-03
4.297161936560934592e+00 7.476662048755798465e-04 1.011708720934106518e-03
4.307178631051752582e+00 7.080406234558619732e-04 9.672383265552316790e-04
4.317195325542570572e+00 6.705270396945646645e-04 9.247671374800188557e-04
4.327212020033388562e+00 6.350481622055606512e-04 8.840689392051097415e-04
4.337228714524206552e+00 6.015261867571191148e-04 8.449490622417527713e-04
4.347245409015024542e+00 5.698792643186468545e-04 8.072389852884912561e-04
4.357262103505843420e+00 5.400070348622853763e-04 7.707830130996559453e-04
4.367278797996661410e+00 5.117748970263092398e-04 7.354241651488950321e-04
4.377295492487479400e+00 4.850056846041208929e-04 7.009954860328347940e-04
4.387312186978297390e+00 4.594835972904196030e-04 6.673205249969994335e-04
4.397328881469115380e+00 4.349705131544279310e-04 6.342236439932397597e-04
4.407345575959933370e+00 4.112308296766495450e-04 6.015478898408907699e-04
4.417362270450751360e+00 3.880587352702460999e-04 5.691760437426043873e-04
4.427378964941569350e+00 3.653015960082189113e-04 5.370495876961210984e-04
4.437395659432387340e+00 3.428746422092673841e-04 5.051808576588471926e-04
4.447412353923205330e+00 3.207646502865494015e-04 4.736553725910357874e-04
4.457429048414023320e+00 2.990229983828264688e-04 4.426236935389433504e-04
4.467445742904841310e+00 2.777506131929980077e-04 4.122844846859201003e-04
4.477462437395659300e+00 2.570784987504700627e-04 3.828621125243359129e-04
4.487479131886477290e+00 2.371476717154722509e-04 3.545827960173491373e-04
4.497495826377295280e+00 2.180916322926903020e-04 3.276530103024062959e-04
4.507512520868113270e+00 2.000233398408606856e-04 3.022428190978557151e-04
4.517529215358931260e+00 1.830274166360899347e-04 2.784754654050105162e-04
4.527545909849749250e+00 1.671572629084325452e-04 2.564232671783771137e-04
4.537562604340567241e+00 1.524360868707051980e-04 2.361089060128136112e-04
4.547579298831385231e+00 1.388605602498154887e-04 2.175106695025327819e-04
4.557595993322203221e+00 1.264058349076248138e-04 2.005700844859911866e-04
4.567612687813021211e+00 1.150308865401988655e-04 1.852005488763454452e-04
4.577629382303840089e+00 1.046834712455412333e-04 1.712958976937547996e-04
4.587646076794658079e+00 9.530429832106494803e-05 1.587382043292974703e-04
4.597662771285476069e+00 8.683028171946030789e-05 1.474044401265368735e-04
4.607679465776294059e+00 7.919691059012715095e-05 1.371718559057064492e-04
4.617696160267112049e+00 7.233987853722406182e-05 1.279221037758900481e-04
4.627712854757930039e+00 6.619614782565436074e-05 1.195442022153155162e-04
4.637729549248748029e+00 6.070461947270325688e-05 1.119364847223854872e-04
4.647746243739566019e+00 5.580655198591168452e-05 1.050076831822392481e-04
4.657762938230384009e+00 5.144583480765496251e-05 9.867729605092467827e-05
4.667779632721201999e+00 4.756918650960265490e-05 9.287538635138880964e-05
4.677796327212019989e+00 4.412631735076777959e-05 8.754194796556571273e-05
4.687813021702837979e+00 4.107007287374951339e-05 8.262597059985075172e-05
4.697829716193655969e+00 3.835655985070379748e-05 7.808432302760581008e-05
4.707846410684473959e+00 3.594524722652090766e-05 7.388056006895775451e-05
4.717863105175291949e+00 3.379903142915201178e-05 6.998374140488332524e-05
4.727879799666109939e+00 3.188425607650954721e-05 6.636733069254887544e-05
4.737896494156927929e+00 3.017067929090590838e-05 6.300822298853943468e-05
4.747913188647745919e+00 2.863138626620262463e-05 5.988592874118442227e-05
4.757929883138563909e+00 2.724264937354819730e-05 5.698192493579612818e-05
4.767946577629381899e+00 2.598374216432221471e-05 5.427916934803687525e-05
4.777963272120199889e+00 2.483671664660213558e-05 5.176176282399727542e-05
4.787979966611017879e+00 2.378615495729698265e-05 4.941473718673861245e-05
4.797996661101836757e+00 2.281890703491990072e-05 4.722394254761580793e-05
4.808013355592654747e+00 2.192382529128535397e-05 4.517600700346702269e-05
4.818030050083472737e+00 2.109150585578180480e-05 4.325834329925899317e-05
4.828046744574290727e+00 2.031404403181109416e-05 4.145918033533561029e-05
4.838063439065108717e+00 1.958480945741417368e-05 3.976760171341834276e-05
4.848080133555926707e+00 1.889824435047642460e-05 3.817357822810342114e-05
4.858096828046744697e+00 1.824968632769489990e-05 3.666798581081901674e-05
4.868113522537562687e+00 1.763521573039148702e-05 3.524260454174091219e-05
4.878130217028380677e+00 1.705152621965391415e-05 3.389009771904276673e-05
4.888146911519198667e+00 1.649581661622759503e-05 3.260397249932754697e-05
4.898163606010016657e+00 1.596570151778752526e-05 3.137852529237093795e-05
4.908180300500834647e+00 1.545913806628227601e-05 3.020877598477682117e-05
4.918196994991652637e+00 1.497436629064844824e-05 2.909039531290767385e-05
4.928213689482470627e+00 1.450986064641229451e-05 2.801962946458806569e-05
4.938230383973288617e+00 1.406429065288338648e-05 2.699322542445593419e-05
4.948247078464106607e+00 1.363648884209531554e-05 2.600835983787371341e-05
4.958263772954924598e+00 1.322542454575518920e-05 2.506257337572431233e-05
4.968280467445742588e+00 1.283018233392508255e-05 2.415371182861696589e-05
4.978297161936560578e+00 1.244994416910109977e-05 2.327987450376019007e-05
4.988313856427378568e+00 1.208397454692950647e-05 2.243936997251519907e-05
4.998330550918196558e+00 1.173160806073123894e-05 2.163067882990952494e-05
5.008347245409014548e+00 1.139223895548555647e-05 2.085242287133092146e-05
5.018363939899833426e+00 1.106531233380804097e-05 2.010333994805181887e-05
5.028380634390651416e+00 1.075031674809629536e-05 1.938226370902504367e-05
5.038397328881469406e+00 1.044677796536430388e-05 1.868810744765877338e-05
5.048414023372287396e+00 1.015425372950377337e-05 1.801985132699453429e-05
5.058430717863105386e+00 9.872329373962635205e-06 1.737653233648446809e-05
5.068447412353923376e+00 9.600614159274404203e-06 1.675723642409783425e-05
5.078464106844741366e+00 9.338738226801475718e-06 1.616109233863736360e-05
5.088480801335559356e+00 9.086350074019681547e-06 1.558726680235783023e-05
5.098497495826377346e+00 8.843114468668908325e-06 1.503496070957199344e-05
5.108514190317195336e+00 8.608710729731550707e-06 1.450340611142257516e-05
5.118530884808013326e+00 8.382831312792603137e-06 1.399186380032592028e-05
5.128547579298831316e+00 8.165180646056031729e-06 1.349962135060780378e-05
5.138564273789649306e+00 7.955474171197338251e-06 1.302599150585613377e-05
5.148580968280467296e+00 7.753437550350193288e-06 1.257031082997444021e-05
5.158597662771285286e+00 7.558806006864928560e-06 1.213193855923718834e-05
5.168614357262103276e+00 7.371323773052483639e-06 1.171025560811886862e-05
5.178631051752921266e+00 7.190743622964984492e-06 1.130466369335990415e-05
5.188647746243739256e+00 7.016826472408929495e-06 1.091458454953773234e-05
5.198664440734557246e+00 6.849341031886827490e-06 1.053945921602347544e-05
5.208681135225375236e+00 6.688063501083479354e-06 1.017874738017119720e-05
5.218697829716193226e+00 6.532777295918633342e-06 9.831926765315053315e-06
5.228714524207011216e+00 6.383272801145850027e-06 9.498492554952592392e-06
5.238731218697829206e+00 6.239347143052760982e-06 9.177956846603624051e-06
5.248747913188648084e+00 6.100803978073462241e-06 8.869848130421205846e-06
5.258764607679466074e+00 5.967453294110485516e-06 8.573710788829389597e-06
5.268781302170284064e+00 5.839111222136780547e-06 8.289104614363148414e-06
5.278797996661102054e+00 5.715599856241613046e-06 8.015604343566786320e-06
5.288814691151920044e+00 5.596747080742540237e-06 7.752799205315834968e-06
5.298831385642738034e+00 5.482386403331539847e-06 7.500292482311095342e-06
5.308848080133556024e+00 5.372356793484119013e-06 7.257701084783315000e-06
5.318864774624374014e+00 5.266502525556563377e-06 7.024655135658976643e-06
5.328881469115192004e+00 5.164673026141463881e-06 6.800797566601136770e-06
5.338898163606009994e+00 5.066722725358352828e-06 6.585783724459940952e-06
5.348914858096827984e+00 4.972510911836539603e-06 6.379280987754538451e-06
5.358931552587645974e+00 4.881901591203438846e-06 6.180968392878653000e-06
5.368948247078463964e+00 4.794763347934736803e-06 5.990536269769433537e-06
5.378964941569281955e+00 4.710969210452873144e-06 5.807685886817792674e-06
5.388981636060099945e+00 4.630396519382997313e-06 5.632129104825185798e-06
5.398998330550917935e+00 4.552926798890185118e-06 5.463588039833138222e-06
5.409015025041735925e+00 4.478445631035136843e-06 5.301794734665484521e-06
5.419031719532553915e+00 4.406842533092480662e-06 5.146490839034861436e-06
5.429048414023371905e+00 4.338010837781935967e-06 4.997427298073144182e-06
5.439065108514189895e+00 4.271847576367539575e-06 4.854364049148457754e-06
5.449081803005007885e+00 4.208253364582113897e-06 4.717069726837715364e-06
5.459098497495825875e+00 4.147132291337075912e-06 4.585321375923185542e-06
5.469115191986644753e+00 4.088391810178205824e-06 4.458904172282838791e-06
5.479131886477462743e+00 4.031942633449573172e-06 4.337611151545621449e-06
5.489148580968280733e+00 3.977698629127852053e-06 4.221242945379858445e-06
5.499165275459098723e+00 3.925576720289357033e-06 4.109607525283881914e-06
5.509181969949916713e+00 3.875496787172559973e-06 4.002519953745576259e-06
5.519198664440734703e+00 3.827381571798404090e-06 3.899802142636457865e-06
5.529215358931552693e+00 3.781156585109976916e-06 3.801282618703846027e-06
5.539232053422370683e+00 3.736750016593711549e-06 3.706796296023759628e-06
5.549248747913188673e+00 3.694092646342990457e-06 3.616184255275171731e-06
5.559265442404006663e+00 3.653117759525021469e-06 3.529293529695069264e-06
5.569282136894824653e+00 3.613761063211230455e-06 3.445976897572290258e-06
5.579298831385642643e+00 3.575960605530935787e-06 3.366092681137775705e-06
5.589315525876460633e+00 3.539656697107739317e-06 3.289504551707189614e-06
5.599332220367278623e+00 3.504791834737628598e-06 3.216081340932067511e-06
5.609348914858096613e+00 3.471310627267094288e-06 3.145696858015119163e-06
5.619365609348914603e+00 3.439159723629619648e-06 3.078229712744673903e-06
5.629382303839732593e+00 3.408287742998497099e-06 3.013563144205216988e-06
5.639398998330550583e+00 3.378645207013339836e-06 2.951584855018904981e-06
5.649415692821368573e+00 3.350184474037887284e-06 2.892186850976243556e-06
5.659432387312186563e+00 3.322859675405999756e-06 2.835265285913166685e-06
5.669449081803004553e+00 3.296626653613529609e-06 2.780720311694088864e-06
5.679465776293822543e+00 3.271442902412467050e-06 2.728455933161326245e-06
5.689482470784641421e+00 3.247267508764824270e-06 2.678379867913198899e-06
5.699499165275459411e+00 3.224061096613254909e-06 2.630403410774674024e-06
5.709515859766277401e+00 3.201785772425502390e-06 2.584441302826461784e-06
5.719532554257095391e+00 3.180405072470264063e-06 2.540411604860739651e-06
5.729549248747913381e+00 3.159883911781670587e-06 2.498235575133577994e-06
5.739565943238731371e+00 3.140188534770643426e-06 2.457837551286598628e-06
5.749582637729549361e+00 3.121286467440880452e-06 2.419144836313098385e-06
5.759599332220367351e+00 3.103146471168088289e-06 2.382087588445933945e-06
5.769616026711185341e+00 3.085738498001310836e-06 2.346598714847375892e-06
5.779632721202003331e+00 3.069033647445665056e-06 2.312613768983808086e-06
5.789649415692821321e+00 3.053004124686120364e-06 2.280070851570462103e-06
5.799666110183639312e+00 3.037623200212630495e-06 2.248910514974474981e-06
5.809682804674457302e+00 3.022865170807545506e-06 2.219075670967337148e-06
5.819699499165275292e+00 3.008705321856301414e-06 2.190511501719923515e-06
5.829716193656093282e+00 2.995119890943896108e-06 2.163165373937031426e-06
5.839732888146911272e+00 2.982086032699039294e-06 2.136986756029903927e-06
5.849749582637729262e+00 2.969581784849702271e-06 2.111927138228996238e-06
5.859766277128547252e+00 2.957586035453828520e-06 2.087939955541371516e-06
5.869782971619365242e+00 2.946078491269548389e-06 2.064980513459608191e-06
5.879799666110183232e+00 2.935039647230452458e-06 2.043005916332373224e-06
5.889816360601001222e+00 2.924450756991525122e-06 2.021974998308692282e-06
5.899833055091819212e+00 2.914293804512847282e-06 2.001848256770892913e-06
5.909849749582638090e+00 2.904551476648140988e-06 1.982587788173602410e-06
5.919866444073456080e+00 2.895207136706310159e-06 1.964157226208547799e-06
5.929883138564274070e+00 2.886244798955222854e-06 1.946521682217515099e-06
5.939899833055092060e+00 2.877649104036821814e-06 1.929647687777633842e-06
5.949916527545910050e+00 2.869405295264458769e-06 1.913503139386194964e-06
5.959933222036728040e+00 2.861499195773196012e-06 1.898057245173831386e-06
5.969949916527546030e+00 2.853917186495242573e-06 1.883280473577289199e-06
5.979966611018364020e+00 2.846646184932842273e-06 1.869144503905129875e-06
5.989983305509182010e+00 2.839673624702173512e-06 1.855622178731686808e-06
6.000000000000000000e+00 2.832987435822450011e-06 1.842687458056956807e-06
